R1 = 1;
R2 = 1;
R3 = 2;
R4 = 1;
Vin = 9

