vf = [3 4 5]
vc = [1;2;3]

A = - [1 2 3; 6 5 4; 7 8 9]